Loading data...
# of sentences = 21086
Splitting data at 70%:30%...
Fitting the model for MODE (1) ...
Predicting labels...
F1 score:  0.9744556435729422
              precision    recall  f1-score   support

       B-BLK      0.996     0.996     0.996      6658
       I-BLK      0.881     0.908     0.894        65
       B-CCP      1.000     0.995     0.997      4789
       I-CCP      0.975     0.940     0.958        84
     B-FRAGP      0.690     0.629     0.658       124
     I-FRAGP      0.600     0.353     0.444        17
       B-JJP      0.966     0.909     0.937      3158
       I-JJP      0.833     0.680     0.749       278
      B-NEGP      0.828     0.944     0.882       107
      I-NEGP      0.857     0.960     0.906        25
        B-NN      0.000     0.000     0.000         1
        B-NP      0.963     0.972     0.967     40860
        I-NP      0.974     0.973     0.973     46950
 B-NULL__CCP      0.990     0.995     0.993       200
 B-NULL__JJP      0.000     0.000     0.000         0
  B-NULL__NP      0.973     0.777     0.864        94
  I-NULL__NP      0.000     0.000     0.000         1
 B-NULL__RBP      0.000     0.000     0.000         2
 B-NULL__VGF      0.884     0.890     0.887       154
 I-NULL__VGF      0.958     0.426     0.590        54
B-NULL__VGNF      0.000     0.000     0.000         3
I-NULL__VGNF      0.000     0.000     0.000         0
B-NULL__VGNN      0.000     0.000     0.000         3
       B-RBP      0.976     0.981     0.978       741
       I-RBP      0.964     0.979     0.971       191
       B-VGF      0.991     0.993     0.992      9911
       I-VGF      0.993     0.994     0.994      9273
      B-VGNF      0.952     0.968     0.960      1578
      I-VGNF      0.960     0.959     0.960       658
      B-VGNN      0.988     0.972     0.980      2511
      I-VGNN      0.993     0.992     0.992      3084

   micro avg      0.975     0.975     0.975    131574
   macro avg      0.716     0.683     0.694    131574
weighted avg      0.974     0.975     0.974    131574

Fitting the model for MODE (2) ...
Predicting labels...
F1 score:  0.9745487761623964
              precision    recall  f1-score   support

       B-BLK      0.996     0.996     0.996      6658
       I-BLK      0.894     0.908     0.901        65
       B-CCP      1.000     0.995     0.997      4789
       I-CCP      0.988     0.940     0.963        84
     B-FRAGP      0.725     0.597     0.655       124
     I-FRAGP      0.556     0.294     0.385        17
       B-JJP      0.967     0.908     0.936      3158
       I-JJP      0.833     0.662     0.737       278
      B-NEGP      0.828     0.944     0.882       107
      I-NEGP      0.828     0.960     0.889        25
        B-NN      0.000     0.000     0.000         1
        B-NP      0.964     0.971     0.967     40860
        I-NP      0.973     0.974     0.973     46950
 B-NULL__CCP      0.990     0.995     0.993       200
 B-NULL__JJP      0.000     0.000     0.000         0
  B-NULL__NP      0.974     0.787     0.871        94
  I-NULL__NP      0.000     0.000     0.000         1
 B-NULL__RBP      0.000     0.000     0.000         2
 B-NULL__VGF      0.883     0.883     0.883       154
 I-NULL__VGF      0.957     0.407     0.571        54
B-NULL__VGNF      0.000     0.000     0.000         3
I-NULL__VGNF      0.000     0.000     0.000         0
B-NULL__VGNN      0.000     0.000     0.000         3
       B-RBP      0.975     0.981     0.978       741
       I-RBP      0.964     0.974     0.969       191
       B-VGF      0.994     0.992     0.993      9911
       I-VGF      0.994     0.994     0.994      9273
      B-VGNF      0.949     0.970     0.959      1578
      I-VGNF      0.953     0.959     0.956       658
      B-VGNN      0.988     0.980     0.984      2511
      I-VGNN      0.989     0.994     0.991      3084

   micro avg      0.975     0.975     0.975    131574
   macro avg      0.715     0.679     0.691    131574
weighted avg      0.975     0.975     0.975    131574

Fitting the model for MODE (3) ...
Predicting labels...
F1 score:  0.9745212275879319
              precision    recall  f1-score   support

       B-BLK      0.995     0.996     0.996      6658
       I-BLK      0.894     0.908     0.901        65
       B-CCP      1.000     0.995     0.997      4789
       I-CCP      0.988     0.940     0.963        84
     B-FRAGP      0.729     0.629     0.675       124
     I-FRAGP      0.636     0.412     0.500        17
       B-JJP      0.970     0.907     0.937      3158
       I-JJP      0.853     0.665     0.747       278
      B-NEGP      0.828     0.944     0.882       107
      I-NEGP      0.857     0.960     0.906        25
        B-NN      0.000     0.000     0.000         1
        B-NP      0.964     0.971     0.967     40860
        I-NP      0.973     0.974     0.973     46950
 B-NULL__CCP      0.990     0.995     0.993       200
 B-NULL__JJP      0.000     0.000     0.000         0
  B-NULL__NP      0.973     0.777     0.864        94
  I-NULL__NP      0.000     0.000     0.000         1
 B-NULL__RBP      0.000     0.000     0.000         2
 B-NULL__VGF      0.884     0.890     0.887       154
 I-NULL__VGF      0.958     0.426     0.590        54
B-NULL__VGNF      0.000     0.000     0.000         3
I-NULL__VGNF      0.000     0.000     0.000         0
B-NULL__VGNN      0.000     0.000     0.000         3
       B-RBP      0.976     0.980     0.978       741
       I-RBP      0.964     0.974     0.969       191
       B-VGF      0.992     0.993     0.993      9911
       I-VGF      0.994     0.994     0.994      9273
      B-VGNF      0.958     0.964     0.961      1578
      I-VGNF      0.959     0.959     0.959       658
      B-VGNN      0.988     0.977     0.982      2511
      I-VGNN      0.988     0.993     0.991      3084

   micro avg      0.975     0.975     0.975    131574
   macro avg      0.720     0.685     0.697    131574
weighted avg      0.975     0.975     0.975    131574

Fitting the model for MODE (11) ...
Predicting labels...
F1 score:  0.9753605258058909
              precision    recall  f1-score   support

       B-BLK      0.996     0.995     0.996      6658
       I-BLK      0.908     0.908     0.908        65
       B-CCP      1.000     0.995     0.997      4789
       I-CCP      0.975     0.940     0.958        84
     B-FRAGP      0.687     0.637     0.661       124
     I-FRAGP      0.583     0.412     0.483        17
       B-JJP      0.967     0.908     0.936      3158
       I-JJP      0.844     0.701     0.766       278
      B-NEGP      0.828     0.944     0.882       107
      I-NEGP      0.857     0.960     0.906        25
        B-NN      0.000     0.000     0.000         1
        B-NP      0.965     0.971     0.968     40860
        I-NP      0.973     0.974     0.974     46950
 B-NULL__CCP      0.990     0.995     0.993       200
 B-NULL__JJP      0.000     0.000     0.000         0
  B-NULL__NP      0.974     0.787     0.871        94
  I-NULL__NP      0.000     0.000     0.000         1
 B-NULL__RBP      0.000     0.000     0.000         2
 B-NULL__VGF      0.884     0.890     0.887       154
 I-NULL__VGF      0.958     0.426     0.590        54
B-NULL__VGNF      0.000     0.000     0.000         3
I-NULL__VGNF      0.000     0.000     0.000         0
B-NULL__VGNN      0.000     0.000     0.000         3
       B-RBP      0.975     0.982     0.978       741
       I-RBP      0.959     0.974     0.966       191
       B-VGF      0.994     0.993     0.993      9911
       I-VGF      0.995     0.994     0.995      9273
      B-VGNF      0.971     0.970     0.971      1578
      I-VGNF      0.965     0.965     0.965       658
      B-VGNN      0.992     0.996     0.994      2511
      I-VGNN      0.992     0.998     0.995      3084

   micro avg      0.976     0.976     0.976    131574
   macro avg      0.717     0.688     0.698    131574
weighted avg      0.975     0.976     0.975    131574

